$ 1 0.000005 1.3241202019156522 50 5 50 5e-11
215 464 352 560 352 0 4 a*10^(min(20,-b*5000/0.033)/20)
a 640 368 736 368 8 9 0 1000000 4.500011683413741 4.5 100000
r 640 320 736 320 0 60000
r 240 352 144 352 0 30000
w 640 352 640 320 0
w 736 368 736 320 0
w 640 352 560 352 0
R 144 352 80 352 0 1 1000 2.5 4.5 0 0.5
R 144 240 80 240 0 3 10 1.25 5.75 0 0.5
w 384 416 464 416 0
r 384 448 464 448 0 5000
368 736 368 736 400 0 0
215 288 48 384 48 1024 4 a*10^(min(20,-b*5000/0.033)/20)
r 464 48 384 48 0 100000
r 240 240 144 240 0 100000
a 240 256 384 256 8 9 0 1000000 4.499996262609398 4.5 100000
c 240 208 384 208 0 1e-10 -0.3737427976379193 0.001
r 384 144 464 144 0 5000
w 384 256 384 208 0
w 240 240 240 208 0
w 384 208 384 112 0
w 384 256 384 416 0
w 240 208 240 48 0
w 240 48 288 48 0
R 464 48 496 48 0 0 40 0 0 0 0.5
r 240 48 160 48 0 10000000
R 160 48 128 48 0 0 40 0 0 0 0.5
w 240 352 464 352 0
a 864 384 960 384 8 9 0 1000000 4.499998151797027 4.5 100000
r 832 368 736 368 0 10000
r 960 256 832 256 0 20000
w 960 256 960 384 0
w 832 256 832 368 0
w 864 368 832 368 0
O 960 384 1024 384 0 0
w 144 352 144 304 0
w 144 304 544 304 0
w 544 304 544 256 0
r 832 256 704 256 0 20000
w 704 256 544 256 0
R 464 144 496 144 0 0 40 4.5 0 0 0.5
R 288 80 256 80 0 0 40 4.5 0 0 0.5
R 464 384 432 384 0 0 40 4.5 0 0 0.5
R 560 384 592 384 0 0 40 4.5 0 0 0.5
R 640 384 640 416 0 0 40 4.5 0 0 0.5
R 864 400 864 432 0 0 40 4.5 0 0 0.5
R 240 272 208 272 0 0 40 4.5 0 0 0.5
R 384 448 352 448 0 0 40 4.5 0 0 0.5
R 384 80 416 80 0 0 40 4.5 0 0 0.5
x 49 199 116 202 4 14 V\q4.5V-7V
x 52 310 107 313 4 14 V\q0V-9V
o 11 16 0 12290 5.8248573215569115 0.0001 0 5 11 3 7 3 8 0 8 3
o 34 8 0 12290 7 0.0001 1 3 7 0 7 3
