$ 1 0.000005 4.621633621589249 50 5 50 5e-11
215 464 352 560 352 0 4 a*10^(min(20,-b*5000/0.033)/20)
g 560 384 576 384 0 0
g 464 384 448 384 0 0
a 640 368 736 368 8 15 -15 1000000 -0.00001709232286530626 0 100000
r 640 320 736 320 0 30000
r 240 352 144 352 0 30000
w 640 352 640 320 0
w 736 368 736 320 0
w 640 352 560 352 0
g 640 384 624 384 0 0
R 144 352 80 352 0 1 1000 5 0 0 0.5
R 144 240 80 240 0 3 10 2.5 2.5 0 0.5
w 384 416 464 416 0
g 384 448 368 448 0 0
r 384 448 464 448 0 5000
368 736 368 736 400 0 0
215 288 48 384 48 1024 4 a*10^(min(20,-b*5000/0.033)/20)
r 464 48 384 48 0 100000
r 240 240 144 240 0 100000
a 240 256 384 256 8 15 -15 1000000 -0.0000030539980605793803 0 100000
c 240 208 384 208 0 1e-10 -0.3054028600559986 0.001
r 384 144 464 144 0 5000
g 464 144 480 144 0 0
g 384 80 400 80 0 0
g 288 80 272 80 0 0
g 240 272 224 272 0 0
w 384 256 384 208 0
w 240 240 240 208 0
w 384 208 384 112 0
w 384 256 384 416 0
w 240 208 240 48 0
w 240 48 288 48 0
R 464 48 496 48 0 0 40 -5 0 0 0.5
r 240 48 160 48 0 10000000
R 160 48 128 48 0 0 40 -5 0 0 0.5
w 240 352 464 352 0
a 864 384 960 384 8 15 -15 1000000 -0.000015420472518074816 0 100000
r 832 368 736 368 0 10000
r 960 256 832 256 0 20000
w 960 256 960 384 0
w 832 256 832 368 0
w 864 368 832 368 0
g 864 400 848 400 0 0
O 960 384 1024 384 0 0
w 144 352 144 304 0
w 144 304 544 304 0
w 544 304 544 256 0
r 832 256 704 256 0 20000
w 704 256 544 256 0
o 15 16 0 12290 1.767500000004729 0.0001 0 5 15 3 10 3 11 0 11 3
o 43 8 0 4098 10 0.1 1 3 10 0 10 3
