$ 1 0.000005 10.20027730826997 50 5 43 5e-11
a 176 192 272 192 8 9 0 1000000 4.487530835753249 4.487555475419127 100000
a 384 208 480 208 8 9 0 1000000 4.500024638975986 4.5 100000
r 176 176 80 176 0 100000
r 272 112 176 112 0 100000
r 480 112 384 112 0 100000
r 384 -32 288 -32 0 100000
174 80 176 96 288 1 100000 0.9950000000000001 Attenuvert
R 80 304 128 304 0 0 40 4.5 0 0 0.5
r 384 192 272 192 0 100000
w 176 112 176 176 0
w 272 112 272 192 0
w 384 112 384 192 0
w 480 112 480 208 0
R 384 224 336 224 0 0 40 4.5 0 0 0.5
w 96 240 176 240 0
w 176 240 176 208 0
R 272 -80 224 -80 0 0 40 9 0 0 0.5
g 272 16 272 32 0 0
174 272 -80 288 16 1 100000 0.5 Offset
w 384 -32 384 112 0
O 480 208 544 208 0 0
R 80 176 -32 176 0 1 40 2.5 4.5 0 0.5
o 21 64 0 12291 7 0.0001 0 2 20 0
