$ 1 0.000005 10.20027730826997 50 5 50 5e-11
a 592 224 688 224 8 15 -15 1000000 4.4999638840899765 4.5 100000
r 384 208 464 208 0 14000
r 464 208 592 208 0 14000
174 464 208 512 304 1 10000 0.005 Blend
R 512 256 544 256 0 0 40 4.5 0 0 0.5
w 512 256 512 240 0
w 512 240 592 240 0
r 384 304 464 304 0 14000
r 464 304 592 304 0 14000
w 592 304 592 208 0
r 592 144 688 144 0 47000
w 688 144 688 224 0
w 592 144 592 208 0
R 384 208 352 208 0 1 40 1 4.5 0 0.5
R 384 304 352 304 0 4 80 1 4.5 0 0.5
r 688 224 768 224 0 1000
O 768 224 832 224 0 0
403 176 112 304 176 0 13_64_0_12291_5.499999999999999_0.0001_-1_1
403 176 272 304 336 0 14_64_0_12291_5.499599977086347_0.0001_-1_1
403 816 272 944 336 0 16_64_0_12291_5.4849973829028675_0.0001_-1_1
x 352 -21 482 -18 4 24 Blend\scircuit
x 353 6 574 9 4 14 Inputs\sbuffered\sand\sbiased\sto\s\p4.5V
