$ 1 0.000005 2.1831051418620846 50 5 43 5e-11
R 32 160 -16 160 0 1 40 1 0 0 0.5
p 32 160 32 240 3 0 0
c 32 160 112 160 0 0.00001 -4.486565662557614 0.001
r 112 160 112 240 0 100000
R 112 240 112 288 0 0 40 4.5 0 0 0.5
a 112 144 224 144 8 9 0 1000000 5.051741022831668 5.051763092472581 100000
r 112 64 224 64 0 30000
w 224 64 224 144 0
w 112 64 112 128 0
r 64 64 -32 64 0 10000
s 64 64 112 64 0 0 false
R -32 64 -32 112 0 0 40 4.5 0 0 0.5
c 288 144 368 144 0 1.0000000000000001e-7 5.889280532796785 0.001
r 368 144 368 240 0 100000
g 368 240 368 272 0 0
r 224 144 288 144 0 1000
O 368 144 432 144 0 0
x 144 33 353 36 4 14 Needs\sa\scap\sin\sthe\sopamp\sfb\sloop
o 1 64 0 12291 3.744810713818425 0.0001 0 2 16 0
