$ 1 0.000005 3.5993318835628396 66 5 50 5e-11
a 448 240 576 240 8 9 0 1000000 3.5697306397320885 3.5697115692102033 100000
r 448 256 448 352 0 100000
R 448 352 448 400 0 0 40 4.5 0 0 0.5
R 368 256 320 256 0 1 440 1 0 0 0.5
c 368 256 448 256 0 0.000001 -4.5013267923632245 0.001
w 448 224 448 160 0
R 368 160 320 160 0 0 40 4.5 0 0 0.5
r 368 160 448 160 0 10000
r 448 160 512 160 0 10000
w 576 160 576 240 0
c 656 240 736 240 0 0.000001 -0.19287772120837499 0.001
r 656 240 576 240 0 1000
O 896 240 944 240 0 0
174 512 160 576 160 1 100000 0.005 Gain
w 544 144 544 128 0
w 544 128 576 128 0
w 576 128 576 160 0
d 816 240 816 64 2 default
r 464 512 400 512 0 100000
R 400 512 352 512 0 0 40 2 0 0 0.5
r 736 240 736 320 0 10000
w 736 240 816 240 0
r 816 592 656 592 0 20000
R 576 544 528 544 0 0 40 4.5 0 0 0.5
w 816 528 816 592 0
a 656 528 816 528 9 9 0 1000000 4.083338333273334 4.083333333333334 100000
w 656 544 656 592 0
c 816 240 896 240 0 1e-7 4.481774748523758 0.001
g 896 320 896 336 0 0
r 896 240 896 320 0 100000
d 816 448 816 240 2 default
R 736 320 736 368 0 0 40 4.5 0 0 0.5
w 656 -96 656 -48 0
a 656 -112 816 -112 9 9 0 1000000 4.499995000059999 4.5 100000
w 816 -112 816 -48 0
R 656 -128 608 -128 0 0 40 4.5 0 0 0.5
r 816 -48 656 -48 0 20000
R 592 -96 544 -96 0 0 40 2 0 0 0.5
r 656 -96 592 -96 0 100000
r 576 544 656 544 0 100000
r 464 512 464 592 0 20000
R 464 592 416 592 0 0 40 4.5 0 0 0.5
w 464 512 656 512 0
w 816 -48 816 64 0
w 816 448 816 528 0
o 3 16 0 12291 1.0891815495787562 0.0001 0 2 12 0
38 19 F1 0 2 7 -1 Bottom\sClip\sCV
38 37 F1 0 2 7 -1 Top\sClip\sCV
