$ 1 0.000005 10.20027730826997 50 5 43 5e-11
a 464 208 560 208 8 9 0 1000000 4.499995308138032 4.5 100000
R 176 176 128 176 0 1 40 2.5 4.5 0 0.5
d 560 208 624 208 2 default
w 624 128 624 208 0
w 464 128 464 192 0
r 624 208 688 208 0 10000
O 880 224 928 224 0 0
w 624 128 464 128 0
R 464 224 464 288 0 0 40 4.5 0 0 0.5
x 118 48 315 51 4 24 CV\slimiter\s\a\sscaler
x 118 69 343 102 4 12 Both\sinput\sand\soutput\sbuffers\sare\srequired.\\nVoltage\sdivider\s(scaler)\sis\soptional\\nit\shelps\slimit\srange\sof\sresonance.
x 423 306 520 309 4 12 Reference\svoltage
r 400 192 464 192 0 1000
r 688 208 688 288 0 5600
R 688 288 688 352 0 0 40 4.5 0 0 0.5
x 644 146 694 164 4 12 Scaler\\n(optional)
b 640 128 723 354 0
a 256 192 368 192 9 9 0 1000000 3.0102951193524414 3.010280222303635 100000
w 256 208 256 256 0
w 256 256 368 256 0
w 368 192 368 256 0
r 176 176 176 256 0 100000
R 176 256 176 320 0 0 40 4.5 0 0 0.5
w 176 176 256 176 0
w 368 192 400 192 0
w 688 208 768 208 0
w 880 224 880 288 0
w 768 288 880 288 0
w 768 240 768 288 0
a 768 224 880 224 9 9 0 1000000 4.499998315758699 4.499998315741856 100000
x 817 66 907 69 4 12 Verified\s18.05.23
o 1 64 0 12291 6.999999999999276 0.0001 0 2 6 0
