$ 1 0.000005 63.79968419005069 78 5 43 5e-11
165 176 160 208 160 6 8.600936974685897
R 240 128 240 80 0 0 40 9 0 0 0.5
g 272 320 272 336 0 0
w 240 128 304 128 0
w 304 128 304 192 0
162 368 224 448 224 2 default-led 1 0 0 0.01
r 448 224 528 224 0 1000
g 528 224 528 240 0 0
w 304 224 304 368 0
178 352 336 480 336 6 1 0.2 0.39217242900817456 0.05 1000000 0.02 20 0.015 0.005 1
g 480 400 480 416 0 0
w 480 368 480 400 0
d 480 400 352 400 2 default
w 352 368 352 400 0
d 304 368 352 368 2 default
w 304 368 304 480 0
r 304 480 400 480 0 100000
c 400 480 400 544 0 0.000001 4.872811844996333 0.001
g 400 544 400 560 0 0
w 400 480 544 480 0
w 96 256 96 592 0
w 96 592 544 592 0
p 304 480 304 560 3 0 0
w 176 256 144 256 0
p 32 256 32 336 3 0 0
w 96 256 32 256 0
w 176 288 176 256 0
w 240 128 144 128 0
r 144 128 144 256 0 20000
r 144 256 144 384 0 20000
g 144 384 144 400 0 0
w 144 256 96 256 0
162 448 192 368 192 2 default-led 0 0 1 0.01
w 368 224 368 192 0
R 528 192 528 144 0 0 40 9 0 0 0.5
w 368 224 304 224 0
r 448 192 528 192 0 1000
w 544 480 544 512 0
w 544 544 544 592 0
s 544 512 544 544 0 0 false
o 24 64 0 4099 9.000007874637427 0.0001 0 1
