$ 1 0.000005 10.20027730826997 50 5 50 5e-11
x 988 218 1114 236 4 12 Has\sto\sbe\sa\sRail-To-Rail\\nPWR:\s0V-5V
w 1040 176 1040 96 0
w 928 160 928 96 0
r 1040 96 928 96 0 10000
r 928 160 848 160 0 10000
a 928 176 1040 176 8 5 0 1000000 4.499999999999999 4.5 100000
O 1296 192 1360 192 0 0
R 720 144 656 144 0 1 40 2.5 4.5 0 0.5
R 928 192 896 192 0 0 40 4.5 0 0 0.5
a 1184 192 1296 192 8 5 0 1000000 2.500024626740713 2.5 100000
R 1184 208 1152 208 0 0 40 2.5 0 0 0.5
r 1184 176 1040 176 0 10000
w 1184 128 1184 -16 0
r 1184 -16 1040 -16 0 10000
174 992 16 1040 -32 1 10000 0.005 Knob
R 992 16 960 16 0 0 40 5 0 0 0.5
S 848 160 784 160 0 0 false 0 2
p 720 144 720 224 3 0 0
r 1184 128 1296 128 0 10000
w 1296 128 1296 192 0
w 1184 128 1184 176 0
p 1040 -16 1040 48 3 0 0
g 944 -48 944 -32 0 0
w 944 -48 992 -48 0
w 720 144 784 144 0
r 928 96 848 96 0 10000
R 848 96 816 96 0 0 40 9 0 0 0.5
R 848 48 816 48 0 0 40 2 0 0 0.5
r 928 48 848 48 0 10000
w 928 48 928 96 0
o 17 64 0 12291 6.999999999999996 0.0001 0 2 6 0
