$ 1 0.000005 10.20027730826997 50 5 50 5e-11
R -32 448 -80 448 0 1 40 2.5 4.5 0 0.5
R 128 128 80 128 0 1 20 2.5 4.5 0 0.5
R 128 160 80 160 0 0 40 2 0 0 0.5
R -32 480 -80 480 0 0 40 7 0 0 0.5
S 240 144 128 144 0 0 false 0 2
S 80 464 -32 464 0 1 false 0 2
p 240 144 240 208 3 0 0
p 80 464 80 528 3 0 0
402 336 432 448 432 1 0\s0\s40\s0\s0\s0\s0.5 0\s0\s40\s9\s0\s0\s0.5 0\s1\s-4.2674966556973795\s0.12481602270965658\s100\sdefault 0\s1\s-0.12481602270965658\s0.13259017515880334\s100\sdefault 0\s1\s0\s0.13259017515880334\s100\sdefault 0\s1\s-4.0876139027220475\s0.11395074529768934\s100\sdefault 0\s1\s-4.119866111893095\s0.09839767201776528\s100\sdefault 0\s-1\s0.13130699752253427\s-0.14222550089188957\s100\sdefault 0\s-1\s0\s-0.14222550089188957\s100\sdefault 0\s-1\s8.424339446079621\s-0.13130699752253427\s100\sdefault 0\s-1\s0.12450696731527167\s-0.1323263952080289\s100\sdefault 0\s-1\s0\s-0.1323263952080289\s100\sdefault 0\s-1\s4.243150994471265\s-0.12450696731527167\s100\sdefault 0\s1\s0\s0.15261866565601162\s100\sdefault 0\s1\s-0.14950938984994433\s0.15261866565601162\s100\sdefault 0\s1\s-4.197887587499478\s0.14950938984994433\s100\sdefault 0\s1\s0\s0.5435426256034877\s100\sdefault 0\s1\s0\s0.5590956988834117\s100\sdefault
R 304 304 256 304 0 0 40 9 0 0 0.5
r 304 304 304 368 0 10000
w 304 432 336 432 0
w 304 -16 304 144 0
w 272 -16 304 -16 0
w 224 -16 208 -16 0
r 224 -16 272 -16 0 100000
g 192 16 192 32 0 0
R 192 -48 160 -48 0 0 40 9 0 0 0.5
r 432 256 432 320 0 1000
w 432 144 432 224 0
t 400 240 432 240 0 -1 8.74260775368737 4.508908171281942 100 default
R 480 144 512 144 0 0 40 4.5 0 0 0.5
w 432 144 400 144 0
r 432 144 480 144 0 680
w 368 144 400 144 0
w 304 144 320 144 0
r 320 144 368 144 0 10000
w 304 144 304 224 0
w 288 144 304 144 0
r 240 144 288 144 0 100000
R 304 256 272 256 0 0 40 4.5 0 0 0.5
a 304 240 400 240 8 9 0 1000000 4.360308678611526 4.5 100000
w 304 368 304 432 0
w 432 320 432 400 0
174 272 400 256 464 1 1000 0.5 Resistance
w 336 400 272 400 0
w 336 464 272 464 0
R 256 432 224 432 0 0 40 4.5 0 0 0.5
r 160 464 272 464 0 10000
w 160 464 80 464 0
r 320 512 432 512 0 20000
R 768 464 736 464 0 0 40 4.5 0 0 0.5
p 864 448 864 544 3 0 0
O 864 448 928 448 0 0
w 768 432 512 432 0
w 768 368 768 432 0
w 864 368 864 448 0
r 768 368 864 368 0 20000
a 768 448 864 448 8 9 0 1000000 4.500015643005434 4.5 100000
w 160 464 160 512 0
w 160 512 320 512 0
w 512 432 448 432 0
w 432 512 512 512 0
w 512 432 512 512 0
174 192 -48 192 16 1 100000 0.3713 Offset
x 34 -193 367 -190 4 24 Four\sQuadrant\sMultiplier\sfor\sCV
x 768 -187 873 -184 4 14 Verified\s31.08.23
o 6 64 0 12291 7 0.0001 0 3 7 0 42 0
38 2 F1 0 2 7 -1 U2
38 3 F1 0 2 7 -1 U1
