$ 1 0.000005 32.755850052045055 16 5 50 5e-11
O 1328 352 1440 352 0 0
a 432 352 528 352 8 15 -15 1000000 6.3340394057055995 9.000066595259165 100000
w 432 336 432 224 0
r 432 368 432 448 0 100000
a 800 336 912 336 8 15 -15 1000000 6.3340394057055995 6.334102746099656 100000
w 912 336 912 288 0
r 432 224 912 224 0 10000
w 800 288 800 320 0
w 800 288 912 288 0
w 912 224 912 288 0
d 656 320 704 320 2 default
d 704 384 656 384 2 default
w 368 368 368 528 0
w 368 528 1248 528 0
S 1328 352 1248 352 0 1 false 0 2
w 432 368 368 368 0
x 290 -33 390 -30 4 24 Oscillator
x 285 -6 622 14 4 14 Can\sproduce\svariable\sduty\scycle\ssquare\sor\svarislope\stri\\nDifferent\soutputs\sneed\sscaling
174 592 352 624 400 1 100000 0.27230000000000004 Speed
174 656 384 656 336 1 100000 0.5297000000000001 Shape
c 800 352 800 432 0 0.000001 6.334102746099656 0.001
g 800 432 800 448 0 0
r 704 320 768 320 0 1000
r 704 384 768 384 0 1000
w 768 320 768 352 0
w 768 352 768 384 0
w 592 352 528 352 0
w 768 352 800 352 0
w 640 352 624 384 0
x 538 390 566 393 4 14 B1M
a 1088 448 1184 448 9 9 0 1000000 6.3340394057055995 7.000036997366204 100000
r 1184 368 1088 368 0 80000
w 1184 368 1184 448 0
w 1088 368 1088 432 0
w 1184 448 1248 448 0
w 976 336 1248 336 0
w 1248 448 1248 368 0
w 1248 448 1248 528 0
w 976 336 976 464 0
w 976 464 1088 464 0
w 976 336 912 336 0
r 1008 432 1088 432 0 100000
R 1008 432 992 432 0 0 40 4.5 0 0 0.5
w 624 384 624 416 0
w 624 416 592 416 0
R 432 448 416 448 0 0 40 4.5 0 0 0.5
x 1019 293 1334 313 4 14 Feedback\sresistor\s56K\sgives\s2.5-7.2V\soutput\srange\\nwith\s0V-9V\spower\ssupply.\sMight\sneed\sa\strim.
o 0 64 0 12291 7.00298217087894 0.0001 0 1
