$ 1 0.000005 3.046768661252054 50 5 43 5e-11
a 144 208 256 208 8 15 -15 1000000 -0.0000566170178988098 0 100000
g 144 224 144 240 0 0
w 144 192 96 192 0
w 96 192 96 304 0
d 96 304 256 304 2 default
w 256 208 256 304 0
r 256 208 336 208 0 220000
t 336 208 384 208 0 1 -0.5227744593625598 0.6120788967977943 100 default
w 384 224 384 368 0
r 384 368 96 368 0 27000
w 96 304 96 368 0
d 384 80 384 192 2 default
R 384 48 384 16 0 0 40 2.5 0 0 0.5
370 384 48 384 80 1 0 0
r 96 192 -32 192 0 300000
R -32 192 -64 192 0 0 40 -15 0 0 0.5
174 -128 80 -128 160 1 100000 0.5495000000000001 Offset
g -128 176 -128 192 0 0
R -128 80 -160 80 0 0 40 10 0 0 0.5
r -112 128 96 128 0 300000
r -112 -32 96 -32 0 100000
R -128 -80 -192 -80 0 1 40 2.5 2.5 0 0.5
w 96 -32 96 128 0
w 96 128 96 192 0
r 384 368 384 464 0 470
g 384 464 384 480 0 0
174 912 48 912 128 1 100000 0.005 2 Offset
370 1408 112 1408 144 1 0 0
R 1408 112 1408 80 0 0 40 2.5 0 0 0.5
a 1280 368 1376 368 8 12 -12 1000000 0.000013234856702751434 0 100000
174 -128 -80 -128 0 1 100000 0.5594 Depth
g -128 16 -128 32 0 0
r 1408 144 1408 256 0 1000
t 1312 272 1344 272 0 1 -0.07754166045525122 0.4811666244167365 100 default
t 1456 272 1408 272 0 1 -2.2595938389076617 0.558695050015285 100 default
g 1456 272 1456 288 0 0
g 1280 384 1280 400 0 0
w 1344 288 1376 288 0
r 1376 288 1376 368 0 3000
R 1200 352 1168 352 0 0 40 12 0 0 0.5
r 1200 352 1280 352 0 1000000
w 1280 352 1280 224 0
w 1280 224 1344 224 0
w 1344 224 1344 256 0
a 1024 272 1120 272 8 12 -12 1000000 7.752842559854847e-7 0 100000
w 1312 272 1120 272 0
w 1408 288 1376 288 0
w 1120 272 1120 208 0
r 1120 208 1024 208 0 1000
w 1024 208 1024 256 0
g 1024 288 1024 304 0 0
R 928 256 896 256 0 1 40 5 0 0 0.5
r 928 256 1024 256 0 100000
R 912 144 880 144 0 0 40 -5 0 0 0.5
R 912 48 880 48 0 0 40 5 0 0 0.5
r 928 96 1024 96 0 100000
w 1024 96 1024 208 0
r 928 -32 1024 -32 0 200000
w 1024 -32 1024 96 0
R 928 -32 880 -32 0 0 40 12 0 0 0.5
R 2272 112 2272 80 0 0 40 2.5 0 0 0.5
370 2272 112 2272 144 1 0 0
t 2240 272 2272 272 0 1 -1.9094291408114383 0.5905708591885616 100 default
t 2176 272 2128 272 0 1 0 0.5905708591885616 100 default
w 2176 272 2176 224 0
w 2176 224 2128 224 0
w 2128 224 2128 256 0
w 2128 288 2128 336 0
w 2128 336 2192 336 0
w 2192 336 2272 336 0
w 2272 336 2272 288 0
w 2240 272 2176 272 0
w 2272 144 2272 256 0
a 2032 128 2128 128 8 9 0 1000000 4.329132693516868 4.5 100000
r 1936 112 2032 112 0 100000
R 1840 -64 1808 -64 0 0 40 7 0 0 0.5
R 1840 32 1808 32 0 0 40 2 0 0 0.5
174 1840 -64 1840 16 0 100000 0.5 3 Offset
w 2192 336 2192 352 0
g 2192 448 2192 464 0 0
w 2032 112 2032 64 0
r 2032 64 2128 64 0 330000
w 2128 64 2128 128 0
r 2128 128 2128 224 0 10000
R 2032 144 2000 144 0 0 40 4.5 0 0 0.5
R 1856 -128 1824 -128 0 0 40 9 0 0 0.5
r 1856 -128 1968 -128 0 320000
w 2032 -16 2032 64 0
R 1936 112 1904 112 0 1 40 2.5 4.5 0 0.5
r 1856 -16 1968 -16 0 100000
w 2032 -112 2032 -16 0
p 1936 112 1936 240 3 0 0
x 175 -85 356 -82 4 24 -15V..\p15V\sPWR
x 1170 -8 1351 -5 4 24 -12V..\p12V\sPWR
x 2107 -37 2253 -34 4 24 0V..\p9V\sPWR
370 2192 416 2192 448 1 0 0
w 2192 352 2192 416 0
o 13 64 3 12547 0.0001 0.002080557947024607 0 1
o 61 64 3 12291 0.0001 0.0008251926840243602 1 1
