$ 1 0.000005 2.008553692318767 85 5 43 5e-11
w 2928 336 2928 400 0
370 2928 400 2928 432 1 0 0
x 2843 -53 2989 -50 4 24 0V..\p9V\sPWR
p 2640 96 2640 224 3 0 0
R 2640 96 2608 96 0 1 40 2.5 4.5 0 0.5
R 2736 128 2704 128 0 0 40 4.5 0 0 0.5
r 2736 48 2864 48 0 10000
w 2736 96 2736 48 0
g 2928 432 2928 448 0 0
w 2928 320 2928 336 0
r 2640 96 2736 96 0 100000
a 2736 112 2832 112 8 9 0 1000000 4.5000101872150875 4.5 100000
w 3008 128 3008 240 0
w 2976 256 2912 256 0
w 3008 320 3008 272 0
w 2928 320 3008 320 0
w 2864 320 2928 320 0
w 2864 272 2864 320 0
w 2864 208 2864 240 0
w 2912 208 2864 208 0
w 2912 256 2912 208 0
t 2912 256 2864 256 0 1 0 0.5761456932197208 100 default
t 2976 256 3008 256 0 1 -1.9238543067802794 0.5761456932197208 100 default
370 3008 96 3008 128 1 0 0
R 3008 96 3008 64 0 0 40 2.5 0 0 0.5
t 2832 112 2864 112 0 -1 2.9051327980554524 -0.5766578877436102 100 default
w 2864 48 2864 96 0
r 2864 48 2928 48 0 1000
R 2928 48 2928 112 0 0 40 4.5 0 0 0.5
w 2864 128 2864 208 0
x 2453 -199 2908 -196 4 14 Without\sExtra\sOffsetV:\sInput\sV\scan't\sgo\sbelow\s~4.5\sfor\sthe\sPT2399\sto\swork
R 2656 -160 2624 -160 0 0 40 9 0 0 0.5
r 2736 -112 2736 48 0 100000
x 2305 -93 2601 -56 4 14 There's\sa\stradeoff\sbetween\srange\sand\smin\svalue\\nwith\slower\smin\svalue\sit\sis\sloosing\supper\srange,\\ni.e.\sthe\susable\spart\sof\sthe\sCV\sis\sbelow\s3V
r 2656 -160 2656 -112 0 10000
r 2656 -112 2656 -64 0 47000
174 2656 -64 2656 -16 1 10000 0.5 trim
w 2656 0 2688 0 0
w 2672 -32 2688 -32 0
w 2688 -32 2688 0 0
w 2656 -112 2736 -112 0
R 2656 0 2624 0 0 0 40 4.5 0 0 0.5
o 3 64 0 12547 7 0.0005872512086494468 0 3 23 0 23 3
38 31 F1 0 0 9 -1 OffsetV
