$ 1 0.000005 18.278915558614752 76 5 43 5e-11
p 0 144 0 224 1 0 0
R 0 144 -48 144 0 1 40 2.5 4.5 0 0.5
r 48 144 112 144 0 200000
370 432 96 432 160 1 0 0
w 208 224 208 320 0
R 432 96 432 48 0 0 40 2.5 0 0 0.5
t 464 176 432 176 0 1 0.48177802808819115 0.5922536463195689 100 default
x 410 32 516 35 4 14 to\spt2399\svco\spin
b 722 378 398 16 0
x 643 32 715 52 4 14 anti-latchup\\ncircuit
r 464 176 576 176 0 100000
c 464 224 464 320 0 0.000001 2.981778028088191 0.001
g 464 320 464 336 0 0
w 464 176 464 224 0
d 464 224 576 224 2 default
w 576 176 576 224 0
R 576 176 640 176 0 0 40 5 0 0 0.5
R 128 320 64 320 0 0 40 0 0 0 0.5
t 320 208 368 208 0 1 -0.027065603204917466 0.5921509017842812 100 default
a 208 208 320 208 9 9 0 1000000 1.7703078767794236 1.7702865013672093 100000
w 368 224 368 320 0
r 128 320 208 320 0 2000
w 0 144 48 144 0
w 208 144 208 192 0
w 432 192 368 192 0
w 208 320 368 320 0
r 112 144 112 208 0 68000
g 112 208 112 224 0 0
w 208 144 112 144 0
b 386 377 -98 15 0
x -94 42 2 45 4 14 V-to-I-converter
x 610 -26 715 -23 4 14 Verified\s12.05.23
x 235 143 338 163 4 14 Has\sto\sbe\sa\sR2R\\nopamp
x -91 106 10 109 4 14 CV\srange\s2V-7V
x -95 -24 48 -21 4 14 PT2399\svoltage\scontrol
o 3 128 3 12291 7 0.0008583351979841874 0 2 0 0
