$ 1 0.000005 10.20027730826997 50 5 50 5e-11
R 368 192 288 192 0 2 10 2.5 4.5 0 0.4
a 368 176 464 176 8 9 0 1000000 2.8360212870559565 7 100000
174 528 176 624 176 1 100000 0.9950000000000001 Attack
c 688 320 688 400 0 0.000001 2.836004647270029 0.001
w 576 160 576 128 0
w 576 128 624 128 0
w 624 128 624 176 0
r 368 64 816 64 0 10000
w 816 64 816 144 0
w 368 64 368 160 0
O 880 192 960 192 0 0
g 688 400 688 416 0 0
r 464 176 528 176 0 1000
a 720 192 816 192 8 9 0 1000000 2.836021287057158 2.836004647270029 100000
w 720 176 720 144 0
w 816 144 720 144 0
w 816 144 816 192 0
r 368 192 368 256 0 100000
g 368 256 368 272 0 0
w 624 272 624 320 0
w 576 272 624 272 0
w 576 304 576 272 0
174 528 320 624 320 1 100000 0.9950000000000001 Decay
d 624 176 688 176 2 default
d 688 320 624 320 2 default
w 688 176 688 208 0
w 528 176 528 320 0
w 720 208 688 208 0
g 832 400 832 416 0 0
c 832 320 832 400 0 0.0000032999999999999997 3.6744695122132587 0.001
s 768 320 688 320 0 1 false
r 832 320 768 320 0 1
r 1008 256 944 256 0 1
s 944 256 864 256 0 1 false
c 1008 256 1008 336 0 0.000032999999999999996 3.701920256168335 0.001
g 1008 336 1008 352 0 0
w 688 256 864 256 0
x 882 230 1062 233 4 14 Ignore\sthese\s1\sOhm\sresistors
x 292 -46 414 -43 4 24 Slew\slimiter
x 932 -35 1037 -32 4 14 Verified\s03.06.23
w 688 208 688 256 0
w 688 256 688 320 0
r 816 192 880 192 0 1000
x 549 104 587 107 4 14 Attack
x 558 257 597 260 4 14 Decay
o 0 64 0 12291 7 0.0001 0 2 10 0
