$ 1 0.000005 382.76258214399064 50 5 43 5e-11
t 288 80 320 80 0 1 0.04118038004838698 -0.5725849940373429 290 default
t 432 80 400 80 0 1 0.00004899175557806681 -0.6137653740800546 290 default
t 288 -16 320 -16 0 -1 0.01143664607778963 -0.6023287280079402 290 default
t 432 -16 400 -16 0 -1 0.15834922023391612 -0.4554651456017166 290 default
w 320 0 320 32 0
w 320 32 320 64 0
w 400 32 400 64 0
w 400 0 400 32 0
w 320 -32 400 -32 0
w 320 96 400 96 0
g 320 32 304 32 0 0
w 320 -32 320 -80 0
w 320 -80 208 -80 0
w 320 96 320 144 0
w 320 144 208 144 0
w 208 144 208 -80 0
r 208 -80 160 -80 0 10000
r 160 -80 96 -80 0 1000
a 16 -80 96 -80 8 15 -15 1000000 -0.0004904033605359034 4.89917499028657 100000
a 496 48 576 48 8 15 -15 1000000 -0.0000489917499028657 0 100000
w 400 32 496 32 0
g 496 64 464 64 0 0
c 496 -16 544 -16 0 1e-8 -4.90366652876432 0.001
w 496 -16 496 32 0
r 544 -16 592 -16 0 1000
w 592 -16 592 48 0
w 592 48 576 48 0
w 544 -16 544 -48 0
w 544 -48 672 -48 0
a 672 -64 752 -64 8 15 -15 1000000 4.903568501329404 4.903617537014417 100000
w 672 -80 672 -112 0
w 672 -112 752 -112 0
w 752 -112 752 -64 0
w 16 -64 16 192 0
w 96 192 592 192 0
w 592 192 592 48 0
r -112 -112 -192 -112 0 10000
a -272 -112 -192 -112 8 15 -15 1000000 -4.999950000499995 -5 100000
w -192 -112 -192 -160 0
w -192 -160 -272 -160 0
w -272 -160 -272 -128 0
d -160 -80 -112 -80 2 default
w -48 -96 16 -96 0
r -272 -96 -320 -96 0 10000
r -320 -96 -320 -32 0 1000000
g -320 -32 -320 -16 0 0
R -320 -96 -352 -96 0 2 5 5 0 0 0.4
207 288 -16 240 -16 4 fall1
207 288 80 240 80 4 rise2
207 432 -16 464 -16 4 fall2
207 432 80 464 80 4 rise1
a -176 320 -96 320 8 15 -15 1000000 0 0 100000
r -176 304 -240 304 0 100000
r -176 272 -96 272 0 100000
w -96 272 -96 320 0
w -176 272 -176 304 0
r -96 320 -32 320 0 47000
r -32 320 -32 368 0 2700
g -32 368 -32 384 0 0
207 -32 320 0 320 4 rise1
207 432 320 464 320 4 rise2
g 432 368 432 384 0 0
r 432 320 432 368 0 1000
r 368 320 432 320 0 47000
w 208 272 208 304 0
w 288 272 288 320 0
r 208 272 288 272 0 100000
r 208 304 144 304 0 100000
a 208 320 288 320 8 15 -15 1000000 0.024566386863923026 0.02451784250664701 100000
w 368 320 288 320 0
r 368 272 432 272 0 22000
w 432 272 432 320 0
207 752 -64 784 -64 4 out
207 144 304 96 304 4 out
174 320 304 368 256 1 10000 0.48020000000000007 Rise
g 320 304 336 304 0 0
R 320 240 352 240 0 0 40 7.5 0 0 0.5
174 144 368 192 304 1 100000 0.005 Rise Shape
g 144 368 144 384 0 0
w 192 336 208 336 0
174 -240 368 -192 304 1 100000 0.005 RiseCV Attenuverter
172 -240 304 -320 304 0 7 0 5 0 0 0.5 Rise CV
g -240 368 -240 384 0 0
w -192 336 -176 336 0
w 608 336 624 336 0
g 560 368 560 384 0 0
174 560 368 608 304 1 100000 0.6584000000000001 Fall Shape
R 736 240 768 240 0 0 40 7.5 0 0 0.5
g 736 304 752 304 0 0
174 736 304 784 256 1 10000 0.44060000000000005 Fall
207 560 304 512 304 4 out
w 848 272 848 320 0
r 784 272 848 272 0 22000
w 784 320 704 320 0
a 624 320 704 320 8 15 -15 1000000 3.22849396708095 3.228509501275278 100000
r 624 304 560 304 0 100000
r 624 272 704 272 0 100000
w 704 272 704 320 0
w 624 272 624 304 0
r 784 320 848 320 0 47000
r 848 320 848 368 0 1000
g 848 368 848 384 0 0
207 848 320 880 320 4 fall2
w -192 528 -176 528 0
g -240 560 -240 576 0 0
172 -240 496 -320 496 0 7 0 5 0 0 0.5 Fall CV
174 -240 560 -192 496 1 100000 0.005 Fall CV Annteuverter
207 -32 512 0 512 4 fall1
g -32 560 -32 576 0 0
r -32 512 -32 560 0 2700
r -96 512 -32 512 0 47000
w -176 464 -176 496 0
w -96 464 -96 512 0
r -176 464 -96 464 0 100000
r -176 496 -240 496 0 100000
a -176 512 -96 512 8 15 -15 1000000 1.2860030894580125e-23 -4.71421604929768e-24 100000
w 96 192 16 192 0
207 144 496 96 496 4 out
r 144 496 208 496 0 10000
r 208 528 144 528 0 1000000
R 144 528 112 528 0 0 40 12 0 0 0.5
a 208 512 288 512 8 5 0 1000000 4.903568501329405 0.01186459774589161 100000
r 208 576 208 640 0 1000
g 208 640 208 656 0 0
r 208 576 288 576 0 100000
w 208 528 208 576 0
w 288 576 288 512 0
r 288 512 368 512 0 1000
207 368 512 416 512 4 EOC
207 -160 -80 -208 -80 4 RISE
S -48 -96 -112 -96 0 0 false 0 2
p -48 -96 -48 -32 3 0 0
207 544 496 496 496 4 EOC
d 544 496 592 496 2 default
r 592 496 656 496 0 10000
a 656 480 736 480 8 5 0 1000000 4.903568501329405 -0.0004901040295931155 100000
w 208 496 208 464 0
w 656 464 208 464 0
207 736 480 784 480 4 RISE
r 656 544 736 544 0 100000
w 656 496 656 544 0
w 736 480 736 544 0
o 72 64 0 12290 5.043723178534093 0.0001 0 6 72 3 46 3 131 0 128 0 128 3
