$ 1 0.000005 21.593987231061412 50 5 43 5e-11
155 176 224 288 224 0 5
162 304 224 416 224 2 default-led 0 1 0 0.01
r 416 224 496 224 0 10000
g 496 224 496 240 0 0
w 272 288 304 288 0
w 304 288 304 336 0
w 304 336 144 336 0
w 144 336 144 224 0
w 144 224 176 224 0
r -288 448 -352 448 0 1000
g -416 448 -416 480 0 0
s -352 448 -416 448 0 1 false
w 64 256 176 256 0
p 64 256 64 352 3 0 0
R -160 128 -160 80 0 0 40 9 0 0 0.5
c -240 544 -240 448 0 1.0000000000000001e-7 -8.999999999985759 0.001
g -240 544 -240 560 0 0
w 304 224 272 224 0
g 496 288 496 304 0 0
r 416 288 496 288 0 10000
162 304 288 416 288 2 default-led 0 0 1 0.01
p -288 544 -288 640 3 0 0
w -288 448 -240 448 0
w -288 448 -288 544 0
x -418 -39 -222 -36 4 24 Debounced\sswitch
x -420 -14 -99 23 4 14 Ideally\sswitch\sshould\sconnect\shot\sto\sgnd\\nso\sthat\snormal\s"piano"\spedals\sand\smono\sjack\scables\\ncan\sbe\sused
w 304 224 304 144 0
w 304 144 400 144 0
x 411 132 572 152 4 14 To\sa\srelay\\nor\sother\sswitching\scircuitry
r -160 128 -160 240 0 10000
r -160 240 -160 368 0 10000
g -160 368 -160 400 0 0
a -112 256 0 256 9 9 0 1000000 8.999999999985759 2.9997999948331615 100000
w -112 240 -112 208 0
r -112 208 0 208 0 10000
w 0 208 0 256 0
w -160 240 -112 240 0
R -240 304 -240 256 0 0 40 9 0 0 0.5
r -240 304 -240 416 0 100000
w -240 416 -240 448 0
w -112 448 -240 448 0
w -112 272 -112 448 0
r 64 256 0 256 0 1000
x 361 -33 541 -30 4 24 Verified\s17.05.23
o 21 64 0 4099 9.20680245391336 0.0001 0 1
o 13 64 0 4099 0.0021972611736960487 0.0001 1 1
