$ 1 0.000005 21.593987231061412 50 5 43 5e-11
155 176 224 288 224 0 5
162 304 224 416 224 2 default-led 0 1 0 0.01
r 416 224 496 224 0 1000
g 496 224 496 240 0 0
w 272 288 304 288 0
w 304 288 304 336 0
w 304 336 144 336 0
w 144 336 144 224 0
w 144 224 176 224 0
t -48 272 0 272 0 1 -0.16721840426074946 0.47182076596530426 100 default
r 0 160 0 80 0 1000000
R 0 80 0 32 0 0 40 9 0 0 0.5
r -288 304 -352 304 0 1000
g -416 304 -416 336 0 0
s -352 304 -416 304 0 1 false
w 64 256 176 256 0
p 64 256 64 352 3 0 0
t -176 304 -144 304 0 1 0 0.47182076596530426 100 default
w -144 288 -144 272 0
w -144 272 -48 272 0
w 0 224 0 256 0
w -144 224 -144 272 0
R -144 144 -144 96 0 0 40 9 0 0 0.5
r -144 224 -144 144 0 1000000
w -144 224 -224 224 0
w -224 224 -224 304 0
w 0 160 0 224 0
g -144 320 -144 352 0 0
g 0 288 0 320 0 0
c -224 400 -224 304 0 1.0000000000000001e-7 -0.47182076596530426 0.001
g -224 400 -224 416 0 0
w 64 256 0 256 0
w 304 224 272 224 0
g 496 288 496 304 0 0
r 416 288 496 288 0 1000
162 304 288 416 288 2 default-led 0 0 1 0.01
w -176 304 -224 304 0
p -288 400 -288 496 3 0 0
w -288 304 -224 304 0
w -288 304 -288 400 0
x -418 -39 -222 -36 4 24 Debounced\sswitch
x -420 -14 -99 23 4 14 Ideally\sswitch\sshould\sconnect\shot\sto\sgnd\\nso\sthat\snormal\s"piano"\spedals\sand\smono\sjack\scables\\ncan\sbe\sused
x -212 394 -122 397 4 14 Debounce\scap
w 304 224 304 144 0
w 304 144 400 144 0
x 411 132 572 152 4 14 To\sa\srelay\\nor\sother\sswitching\scircuitry
x 55 14 496 17 4 24 Could\snot\smake\sit\swork,\stoo\smuch\sbounce
o 37 64 0 4099 0.575425153369585 0.0001 0 1
o 16 64 0 4099 4.499990883729508 0.0001 1 1
