$ 1 0.000005 10.20027730826997 50 5 43 5e-11
r 64 144 144 144 0 100000
a 240 272 336 272 8 15 -15 1000000 -0.000016626699216306565 0 100000
174 336 336 336 416 1 10000 0.005 Clip Level
g 336 432 336 448 0 0
r 240 208 336 208 0 100000
r 144 256 240 256 0 100000
g 240 288 240 304 0 0
w 352 384 368 384 0
w 368 384 368 208 0
w 368 208 336 208 0
w 240 208 240 256 0
w 144 144 528 144 0
w 144 256 144 144 0
w 336 272 400 272 0
w 400 272 400 480 0
w 400 480 144 480 0
z 144 256 144 352 2 default-zener
z 144 480 144 352 2 default-zener
O 528 144 608 144 0 0
R 64 144 16 144 0 1 40 1 0 0 0.5
r 336 272 336 336 0 68000
o 19 64 0 12291 0.9999999999999999 0.0001 0 2 18 0
