$ 1 0.000005 10.20027730826997 50 5 50 5e-11
a 400 272 528 272 8 9 0 1000000 4.499989540188096 4.5 100000
R 272 256 224 256 0 1 40 2.5 4.5 0 0.5
r 272 256 400 256 0 100000
r 400 176 528 176 0 39000
w 400 176 400 256 0
w 528 176 528 272 0
R 400 288 352 288 0 0 40 4.5 0 0 0.5
w 528 272 592 272 0
O 592 272 656 272 0 0
R 256 176 208 176 0 0 40 2 0 0 0.5
r 256 176 400 176 0 100000
x 441 97 693 117 4 14 Frequency\sworks\swell\swith\s33K\sand\s39K,\\n47K\sis\stoo\slarge
x 359 32 523 35 4 24 Frequency\sbias
r 864 160 1008 160 0 100000
w 1136 256 1200 256 0
R 864 160 816 160 0 0 40 4.5 0 0 0.5
w 1136 160 1136 256 0
w 1008 160 1008 240 0
r 1008 160 1136 160 0 100000
R 864 272 816 272 0 1 40 2.5 4.5 0 0.5
a 1008 256 1136 256 8 9 0 1000000 4.4696588081711885 4.469658201347352 100000
r 864 272 1008 272 0 100000
r 1008 368 1008 272 0 20000
R 1008 368 960 368 0 0 40 4.5 0 0 0.5
p 1200 256 1200 384 3 0 0
x 902 35 1074 38 4 24 Resonance\sbias
o 1 64 0 12291 6.999999999999982 0.0001 0 2 8 0
38 9 F1 0 -20 20 -1 Voltage
